FUNDAMENTAL MATRICES for different parameters

with 1.5 * min dist in good matching (CV_FM_8POINT):	(horizontal look of epipolar lines)
[-1.743078842967606e-08, 2.345644440501036e-08, -0.00033446619962694;
  6.990690450724676e-07, -1.489535156149889e-07, 0.01264882481069128;
  -0.0006886625821834029, -0.01378346136004575, 0.9999999999999999]

with 2.0 * min dist in good matching (CV_FM_8POINT):	(horizontal look of epipolar lines)
[-2.045502044587377e-08, -4.038839632077905e-07, 0.0002453973195271189;
  1.085739494622319e-06, -9.320244552249179e-08, 0.0104090781125352;
  -0.001215204791423071, -0.01151842298015024, 0.9999999999999999]

with 3.0 * min dist in good matching (CV_FM_8POINT):	(vertical look of epipolar lines...)
[1.616612768107133e-07, -5.745609485411661e-07, 0.002481742964363524;
  6.809031646052919e-07, 1.845967716453086e-08, -0.0006391079487850879;
  -0.00346984732230532, 0.0004020780765609181, 1]


with CV_FM_RANSAC with 2.0 * min dist in good matching:	(horizontal look of epipolar lines)
[-2.150896012189611e-08, -4.057690614272264e-07, 0.0002290864104119716;
  1.092567658994743e-06, -1.008377640607455e-07, 0.01054365949421099;
  -0.001201224800230757, -0.01164792259387454, 1]

with CV_FM_RANSAC with 3.0 * min dist in good matching:	(ALMOST horizontal look of epipolar lines)
[-2.197694682348498e-08, 5.614033151374418e-08, -0.0004736118270076278;
  6.823214328192833e-07, -1.322450228851916e-07, 0.01344894462278801;
  -0.0005333006650033445, -0.01466736251511086, 1]

